Hausmüllabfuhr
Donnerstag
11042013
25042013
10052013
24052013
06062013
20062013
04072013
18072013
01082013
15082013
29082013
12092013
26092013
10102013
24102013
07112013
21112013
05122013
19122013
04012014
17012014
30012014
13022014
27022014
13032014
27032014
GelberSack
Montag
02042013
29042013
27052013
24062013
22072013
19082013
16092013
14102013
11112013
09122013
08012014
03022014
03032014
31032014
Bioabfall
Dienstag
03042013
22052013
02012014
09012014
15012014
AltpapierBlaueTonne
Mittwoch
17042013
15052013
12062013
10072013
07082013
04092013
02102013
30102013
27112013
27122013
22012014
19022014
19032014
AltpapierVereinssammlung
20042013
25052013
22062013
27072013
31082013
28092013
26102013
30112013
11012014
08022014
15032014
Grünabfuhr
12042013
24102013
