Hausmüllabfuhr
Dienstag
03042013
16042013
30042013
14052013
28052013
11062013
25062013
09072013
23072013
06082013
20082013
03092013
17092013
01102013
15102013
29102013
12112013
26112013
10122013
24122013
09012014
21012014
04022014
18022014
04032014
18032014
GelberSack
Donnerstag
18042013
16052013
13062013
11072013
08082013
05092013
04102013
31102013
28112013
28122013
23012014
20022014
20032014
Bioabfall
Donnerstag
05042013
03052013
10052013
24052013
31052013
04102013
28122013
04012014
11012014
17012014
AltpapierBlaueTonne
Mittwoch
17042013
15052013
12062013
10072013
07082013
04092013
02102013
30102013
27112013
27122013
22012014
19022014
19032014
AltpapierVereinssammlung
20042013
25052013
22062013
27072013
31082013
28092013
26102013
30112013
11012014
08022014
15032014
Grünabfuhr
11042013
23102013
