Hausmüllabfuhr
Freitag
12042013
26042013
11052013
25052013
07062013
21062013
05072013
19072013
02082013
16082013
30082013
13092013
27092013
11102013
25102013
08112013
22112013
06122013
20122013
07012014
18012014
31012014
14022014
28022014
14032014
28032014
GelberSack
Freitag
12042013
11052013
07062013
05072013
02082013
30082013
27092013
25102013
22112013
20122013
18012014
14022014
14032014
Bioabfall
Donnerstag
05042013
03052013
10052013
24052013
31052013
04102013
28122013
04012014
11012014
17012014
AltpapierBlaueTonne
Montag
15042013
13052013
10062013
08072013
05082013
02092013
30092013
28102013
25112013
23122013
20012014
17022014
17032014
AltpapierVereinssammlung
13042013
08062013
13072013
07092013
26102013
07122013
Grünabfuhr
30042013
12112013
