Hausmüllabfuhr
Mittwoch
10042013
24042013
08052013
23052013
05062013
19062013
03072013
17072013
31072013
14082013
28082013
11092013
25092013
09102013
23102013
06112013
20112013
04122013
18122013
03012014
16012014
29012014
12022014
26022014
12032014
26032014
GelberSack
Mittwoch
04042013
02052013
29052013
26062013
24072013
21082013
18092013
16102013
13112013
11122013
10012014
05022014
05032014
Bioabfall
Dienstag
03042013
22052013
02012014
09012014
15012014
AltpapierBlaueTonne
Donnerstag
05042013
03052013
31052013
27062013
25072013
22082013
19092013
17102013
14112013
12122013
11012014
06022014
06032014
AltpapierVereinssammlung
19042013B
20042013B
03052013B
04052013B
21062013B
22062013B
18102013H
19102013H
08112013B
09112013B
13122013B
14122013B
14022014B
15022014B
Grünabfuhr
12042013
24102013
