Hausmüllabfuhr
Donnerstag
11042013
25042013
10052013
24052013
06062013
20062013
04072013
18072013
01082013
15082013
29082013
12092013
26092013
10102013
24102013
07112013
21112013
05122013
19122013
04012014
17012014
30012014
13022014
27022014
13032014
27032014
GelberSack
Donnerstag
18042013
16052013
13062013
11072013
08082013
05092013
04102013
31102013
28112013
28122013
23012014
20022014
20032014
Bioabfall
Donnerstag
05042013
03052013
10052013
24052013
31052013
04102013
28122013
04012014
11012014
17012014
AltpapierBlaueTonne
Mittwoch
17042013
15052013
12062013
10072013
07082013
04092013
02102013
30102013
27112013
27122013
22012014
19022014
19032014
AltpapierVereinssammlung
20042013
25052013
22062013
27072013
31082013
28092013
26102013
30112013
11012014
08022014
15032014
Grünabfuhr
11042013
23102013
