Hausmüllabfuhr
Freitag
12042013
26042013
11052013
25052013
07062013
21062013
05072013
19072013
02082013
16082013
30082013
13092013
27092013
11102013
25102013
08112013
22112013
06122013
20122013
07012014
18012014
31012014
14022014
28022014
14032014
28032014
GelberSack
Montag
22042013
21052013
17062013
15072013
12082013
09092013
07102013
04112013
02122013
31122013
27012014
24022014
24032014
Bioabfall
Donnerstag
05042013
03052013
10052013
24052013
31052013
04102013
28122013
04012014
11012014
17012014
AltpapierBlaueTonne
Montag
08042013
06052013
03062013
01072013
29072013
26082013
23092013
21102013
18112013
16122013
14012014
10022014
10032014
AltpapierVereinssammlung
20042013
25052013
22062013
20072013
17082013
21092013
19102013
16112013
14122013
11012014
15022014
15032014
Grünabfuhr
29042013
11112013
