Hausmüllabfuhr
Dienstag
03042013
16042013
30042013
14052013
28052013
11062013
25062013
09072013
23072013
06082013
20082013
03092013
17092013
01102013
15102013
29102013
12112013
26112013
10122013
24122013
09012014
21012014
04022014
18022014
04032014
18032014
GelberSack
Mittwoch
04042013
02052013
29052013
26062013
24072013
21082013
18092013
16102013
13112013
11122013
10012014
05022014
05032014
Bioabfall
Dienstag
03042013
22052013
02012014
09012014
15012014
AltpapierBlaueTonne
Donnerstag
25042013
24052013
20062013
18072013
15082013
12092013
10102013
07112013
05122013
04012014
30012014
27022014
27032014
AltpapierVereinssammlung
19042013B
20042013B
03052013B
04052013B
21062013B
22062013B
18102013H
19102013H
08112013B
09112013B
13122013B
14122013B
14022014B
15022014B
Grünabfuhr
12042013
24102013
