Hausmüllabfuhr
Donnerstag
11042013
25042013
10052013
24052013
06062013
20062013
04072013
18072013
01082013
15082013
29082013
12092013
26092013
10102013
24102013
07112013
21112013
05122013
19122013
04012014
17012014
30012014
13022014
27022014
13032014
27032014
GelberSack
Mittwoch
04042013
02052013
29052013
26062013
24072013
21082013
18092013
16102013
13112013
11122013
10012014
05022014
05032014
Bioabfall
Mittwoch
04042013
02052013
23052013
27122013
03012014
10012014
16012014
AltpapierBlaueTonne
Mittwoch
24042013
23052013
19062013
17072013
14082013
11092013
09102013
06112013
04122013
03012014
29012014
26022014
26032014
AltpapierVereinssammlung
27042013B
08062013H
24082013B
28092013B
09112013B
14122013B
18012014H
22022014B
Grünabfuhr
25042013
07112013
