Hausmüllabfuhr
Freitag
12042013
26042013
11052013
25052013
07062013
21062013
05072013
19072013
02082013
16082013
30082013
13092013
27092013
11102013
25102013
08112013
22112013
06122013
20122013
07012014
18012014
31012014
14022014
28022014
14032014
28032014
GelberSack
Montag
22042013
21052013
17062013
15072013
12082013
09092013
07102013
04112013
02122013
31122013
27012014
24022014
24032014
Bioabfall
Freitag
06042013
04052013
11052013
25052013
01062013
05102013
02112013
30122013
07012014
13012014
18012014
AltpapierBlaueTonne
Dienstag
03042013
30042013
28052013
25062013
23072013
20082013
17092013
15102013
12112013
10122013
09012014
04022014
04032014
AltpapierVereinssammlung
20042013
15062013
27072013
07092013
26102013
11012014
22022014
Grünabfuhr
19042013
31102013
