Hausmüllabfuhr
Dienstag
03042013
16042013
30042013
14052013
28052013
11062013
25062013
09072013
23072013
06082013
20082013
03092013
17092013
01102013
15102013
29102013
12112013
26112013
10122013
24122013
09012014
21012014
04022014
18022014
04032014
18032014
GelberSack
Dienstag
03042013
30042013
28052013
25062013
23072013
20082013
17092013
15102013
12112013
10122013
09012014
04022014
04032014
Bioabfall
Donnerstag
05042013
03052013
10052013
24052013
31052013
04102013
28122013
04012014
11012014
17012014
AltpapierBlaueTonne
Freitag
06042013
04052013
01062013
28062013
26072013
23082013
20092013
18102013
15112013
13122013
13012014
07022014
07032014
Grünabfuhr
24042013
06112013
