Hausmüllabfuhr
Montag
02042013
15042013
29042013
13052013
27052013
10062013
24062013
08072013
22072013
05082013
19082013
02092013
16092013
30092013
14102013
28102013
11112013
25112013
09122013
23122013
08012014
20012014
03022014
17022014
03032014
1703201431032014
GelberSack
Dienstag
16042013
14052013
11062013
09072013
06082013
03092013
01102013
29102013
26112013
24122013
21012014
18022014
18032014
Bioabfall
Montag
02042013
21052013
31122013
08012014
14012014
AltpapierBlaueTonne
Donnerstag
18042013
16052013
13062013
11072013
08082013
05092013
04102013
31102013
28112013
28122013
23012014
20022014
20032014
AltpapierVereinssammlung
04052013
10082013
09112013
25012014
Grünabfuhr
04042013
16102013
