Hausmüllabfuhr
Montag
02042013
15042013
29042013
13052013
27052013
10062013
24062013
08072013
22072013
05082013
19082013
02092013
16092013
30092013
14102013
28102013
11112013
25112013
09122013
23122013
08012014
20012014
03022014
17022014
03032014
1703201431032014
GelberSack
Mittwoch
10042013
08052013
05062013
03072013
31072013
28082013
25092013
23102013
20112013
18122013
16012014
12022014
12032014
Bioabfall
Montag
02042013
21052013
31122013
08012014
14012014
AltpapierBlaueTonne
Mittwoch
10042013
08052013
05062013
03072013
31072013
28082013
25092013
23102013
20112013
18122013
16012014
12022014
12032014
Grünabfuhr
04042013
16102013
