Hausmüllabfuhr
Dienstag
09042013
23042013
07052013
22052013
04062013
18062013
02072013
16072013
30072013
13082013
27082013
10092013
24092013
08102013
22102013
05112013
19112013
03122013
17122013
02012014
15012014
28012014
11022014
25022014
11032014
25032014
GelberSack
Montag
22042013
21052013
17062013
15072013
12082013
09092013
07102013
04112013
02122013
31122013
27012014
24022014
24032014
Bioabfall
Mittwoch
04042013
02052013
23052013
27122013
03012014
10012014
16012014
AltpapierBlaueTonne
Dienstag
16042013
14052013
11062013
09072013
06082013
03092013
01102013
29102013
26112013
24122013
21012014
18022014
18032014
AltpapierVereinssammlung
15062013
19102013
25012014
22032014
Grünabfuhr
18042013
30102013
