Hausmüllabfuhr
Dienstag
09042013
23042013
07052013
22052013
04062013
18062013
02072013
16072013
30072013
13082013
27082013
10092013
24092013
08102013
22102013
05112013
19112013
03122013
17122013
02012014
15012014
28012014
11022014
25022014
11032014
25032014
GelberSack
Mittwoch
24042013
23052013
19062013
17072013
14082013
11092013
09102013
06112013
04122013
03012014
29012014
26022014
26032014
Bioabfall
Mittwoch
04042013
02052013
23052013
27122013
03012014
10012014
16012014
AltpapierBlaueTonne
Dienstag
16042013
14052013
11062013
09072013
06082013
03092013
01102013
29102013
26112013
24122013
21012014
18022014
18032014
AltpapierVereinssammlung
15062013
19102013
07122013
25012014
22032014
Grünabfuhr
16042013
28102013
