Hausmüllabfuhr
Dienstag
03042013
16042013
30042013
14052013
28052013
11062013
25062013
09072013
23072013
06082013
20082013
03092013
17092013
01102013
15102013
29102013
12112013
26112013
10122013
24122013
09012014
21012014
04022014
18022014
04032014
18032014
GelberSack
Donnerstag
11042013
10052013
06062013
04072013
01082013
29082013
26092013
24102013
21112013
19122013
17012014
13022014
13032014
Bioabfall
Montag
02042013
21052013
31122013
08012014
14012014
AltpapierBlaueTonne
Mittwoch
10042013
08052013
05062013
03072013
31072013
28082013
25092013
23102013
20112013
18122013
16012014
12022014
12032014
Grünabfuhr
02042013
14102013
