Hausmüllabfuhr
Mittwoch
04042013
17042013
02052013
15052013
29052013
12062013
26062013
10072013
24072013
07082013
21082013
04092013
18092013
02102013
16102013
30102013
13112013
27112013
11122013
27122013
10012014
22012014
05022014
19022014
05032014
19032014
GelberSack
Montag
15042013
13052013
10062013
08072013
05082013
02092013
30092013
28102013
25112013
23122013
20012014
17022014
17032014
Bioabfall
Montag
02042013
21052013
31122013
08012014
14012014
AltpapierBlaueTonne
Freitag
12042013
11052013
07062013
05072013
02082013
30082013
27092013
25102013
22112013
20122013
18012014
14022014
14032014
AltpapierVereinssammlung
29062013
31082013
23112013
08032014
Grünabfuhr
05042013
17102013
