Hausmüllabfuhr
Freitag
06042013
19042013
04052013
17052013
01062013
14062013
28062013
12072013
26072013
09082013
23082013
06092013
20092013
05102013
18102013
02112013
15112013
29112013
13122013
30122013
13012014
24012014
07022014
21022014
07032014
21032014
GelberSack
Mittwoch
24042013
23052013
19062013
17072013
14082013
11092013
09102013
06112013
04122013
03012014
29012014
26022014
26032014
Bioabfall
Montag
02042013
21052013
31122013
08012014
14012014
AltpapierBlaueTonne
Montag
02042013
29042013
27052013
24062013
22072013
19082013
16092013
14102013
11112013
09122013
08012014
03022014
03032014
31032014
Grünabfuhr
03042013
15102013
