Hausmüllabfuhr
Donnerstag
05042013
18042013
03052013
16052013
31052013
13062013
27062013
11072013
25072013
08082013
22082013
05092013
19092013
04102013
17102013
31102013
14112013
28112013
12122013
28122013
11012014
23012014
06022014
20022014
06032014
20032014
GelberSack
Donnerstag
05042013
03052013
31052013
27062013
25072013
22082013
19092013
17102013
14112013
12122013
11012014
06022014
06032014
Bioabfall
Donnerstag
05042013
03052013
10052013
24052013
31052013
04102013
28122013
04012014
11012014
17012014
AltpapierBlaueTonne
Montag
02042013
29042013
27052013
24062013
22072013
19082013
16092013
14102013
11112013
09122013
08012014
03022014
03032014
31032014
Grünabfuhr
08042013
18102013
