Hausmüllabfuhr
Mittwoch
04042013
17042013
02052013
15052013
29052013
12062013
26062013
10072013
24072013
07082013
21082013
04092013
18092013
02102013
16102013
30102013
13112013
27112013
11122013
27122013
10012014
22012014
05022014
19022014
05032014
19032014
GelberSack
Dienstag
09042013
07052013
04062013
02072013
30072013
27082013
24092013
22102013
19112013
17122013
15012014
11022014
11032014
Bioabfall
Donnerstag
05042013
03052013
10052013
24052013
31052013
04102013
28122013
04012014
11012014
17012014
AltpapierBlaueTonne
Mittwoch
04042013
02052013
29052013
26062013
24072013
21082013
18092013
16102013
13112013
11122013
10012014
05022014
05032014
AltpapierVereinssammlung
20042013
21092013
15022014
Grünabfuhr
10042013
22102013
