Hausmüllabfuhr
Mittwoch
04042013
17042013
02052013
15052013
29052013
12062013
26062013
10072013
24072013
07082013
21082013
04092013
18092013
02102013
16102013
30102013
13112013
27112013
11122013
27122013
10012014
22012014
05022014
19022014
05032014
19032014
GelberSack
Montag
15042013
13052013
10062013
08072013
05082013
02092013
30092013
28102013
25112013
23122013
20012014
17022014
17032014
Bioabfall
Donnerstag
05042013
03052013
10052013
24052013
31052013
04102013
28122013
04012014
11012014
17012014
AltpapierBlaueTonne
Freitag
19042013
17052013
14062013
12072013
09082013
06092013
05102013
02112013
29112013
30122013
24012014
21022014
21032014
Grünabfuhr
09042013
21102013
