Hausmüllabfuhr
Donnerstag
05042013
18042013
03052013
16052013
31052013
13062013
27062013
11072013
25072013
08082013
22082013
05092013
19092013
04102013
17102013
31102013
14112013
28112013
12122013
28122013
11012014
23012014
06022014
20022014
06032014
20032014
GelberSack
Freitag
19042013
17052013
14062013
12072013
09082013
06092013
05102013
02112013
29112013
30122013
24012014
21022014
21032014
Bioabfall
Donnerstag
05042013
03052013
10052013
24052013
31052013
04102013
28122013
04012014
11012014
17012014
AltpapierBlaueTonne
Mittwoch
04042013
02052013
29052013
26062013
24072013
21082013
18092013
16102013
13112013
11122013
10012014
05022014
05032014
AltpapierVereinssammlung
08062013
21092013
16112013
22022014
Grünabfuhr
09042013
21102013
