Hausmüllabfuhr
Montag
02042013
15042013
29042013
13052013
27052013
10062013
24062013
08072013
22072013
05082013
19082013
02092013
16092013
30092013
14102013
28102013
11112013
25112013
09122013
23122013
08012014
20012014
03022014
17022014
03032014
17032014
31032014
GelberSack
Mittwoch
17042013
15052013
12062013
10072013
07082013
04092013
02102013
30102013
27112013
27122013
22012014
19022014
19032014
Bioabfall
Montag
02042013
21052013
31122013
08012014
14012014
AltpapierBlaueTonne
Montag
22042013
21052013
17062013
15072013
12082013
09092013
07102013
04112013
02122013
31122013
27012014
24022014
24032014
AltpapierVereinssammlung
04052013
10082013
09112013
25012014
Grünabfuhr
18042013
30102013
