Hausmüllabfuhr
Freitag
06042013
19042013
04052013
17052013
01062013
14062013
28062013
12072013
26072013
09082013
23082013
06092013
20092013
05102013
18102013
02112013
15112013
29112013
13122013
30122013
13012014
24012014
07022014
21022014
07032014
21032014
GelberSack
Donnerstag
05042013
03052013
31052013
27062013
25072013
22082013
19092013
17102013
14112013
12122013
11012014
06022014
06032014
Bioabfall
Freitag
06042013
04052013
11052013
25052013
01062013
05102013
02112013
30122013
07012014
13012014
18012014
AltpapierBlaueTonne
Freitag
26042013
25052013
21062013
19072013
16082013
13092013
11102013
08112013
06122013
07012014
31012014
28022014
28032014
Grünabfuhr
26042013
08112013
