Hausmüllabfuhr
Freitag
06042013
19042013
04052013
17052013
01062013
14062013
28062013
12072013
26072013
09082013
23082013
06092013
20092013
05102013
18102013
02112013
15112013
29112013
13122013
30122013
13012014
24012014
07022014
21022014
07032014
21032014
GelberSack
Donnerstag
05042013
03052013
31052013
27062013
25072013
22082013
19092013
17102013
14112013
12122013
11012014
06022014
06032014
Bioabfall
Donnerstag
05042013
03052013
10052013
24052013
31052013
04102013
28122013
04012014
11012014
17012014
AltpapierBlaueTonne
Mittwoch
24042013
23052013
19062013
17072013
14082013
11092013
09102013
06112013
04122013
03012014
29012014
26022014
26032014
AltpapierVereinssammlung
12042013
13042013
21062013
22062013
16082013
17082013
25102013
26102013
10012014
11012014
Grünabfuhr
09042013
21102013
