Hausmüllabfuhr
Dienstag
09042013
23042013
07052013
22052013
04062013
18062013
02072013
16072013
30072013
13082013
27082013
10092013
24092013
08102013
22102013
05112013
19112013
03122013
17122013
02012014
15012014
28012014
11022014
25022014
11032014
25032014
GelberSack
Mittwoch
17042013
15052013
12062013
10072013
07082013
04092013
02102013
30102013
27112013
27122013
22012014
19022014
19032014
Bioabfall
Montag
02042013
21052013
31122013
08012014
14012014
AltpapierBlaueTonne
Montag
08042013
06052013
03062013
01072013
29072013
26082013
23092013
21102013
18112013
16122013
14012014
10022014
10032014
Grünabfuhr
18042013
30102013
