Hausmüllabfuhr
Freitag
06042013
19042013
04052013
17052013
01062013
14062013
28062013
12072013
26072013
09082013
23082013
06092013
20092013
05102013
18102013
02112013
15112013
29112013
13122013
30122013
13012014
24012014
07022014
21022014
07032014
21032014
GelberSack
Freitag
19042013
17052013
14062013
12072013
09082013
06092013
05102013
02112013
29112013
30122013
24012014
21022014
21032014
Bioabfall
Freitag
06042013
04052013
11052013
25052013
01062013
05102013
02112013
30122013
07012014
13012014
18012014
AltpapierBlaueTonne
Freitag
19042013
17052013
14062013
12072013
09082013
06092013
05102013
02112013
29112013
30122013
24012014
21022014
21032014
Grünabfuhr
18042013
30102013
