Hausmüllabfuhr
Freitag
06042013
19042013
04052013
17052013
01062013
14062013
28062013
12072013
26072013
09082013
23082013
06092013
20092013
05102013
18102013
02112013
15112013
29112013
13122013
30122013
13012014
24012014
07022014
21022014
07032014
21032014
GelberSack
Mittwoch
10042013
08052013
05062013
03072013
31072013
28082013
25092013
23102013
20112013
18122013
16012014
12022014
12032014
Bioabfall
Freitag
06042013
04052013
11052013
25052013
01062013
05102013
02112013
30122013
07012014
13012014
18012014
AltpapierBlaueTonne
Mittwoch
24042013
23052013
19062013
17072013
14082013
11092013
09102013
06112013
04122013
03012014
29012014
26022014
26032014
AltpapierVereinssammlung
13072013
31082013
26102013
30112013
25012014
15032014
15032014
Grünabfuhr
25042013
07112013
