Hausmüllabfuhr
Montag
08042013
22042013
06052013
21052013
03062013
17062013
01072013
15072013
29072013
12082013
26082013
09092013
23092013
07102013
21102013
04112013
18112013
02122013
16122013
31122013
14012014
27012014
10022014
24022014
10032014
24032014
GelberSack
Dienstag
09042013
07052013
04062013
02072013
30072013
27082013
24092013
22102013
19112013
17122013
15012014
11022014
11032014
Bioabfall
Freitag
06042013
04052013
11052013
25052013
01062013
05102013
02112013
30122013
07012014
13012014
18012014
AltpapierBlaueTonne
Freitag
19042013
17052013
14062013
12072013
09082013
06092013
05102013
02112013
29112013
30122013
24012014
21022014
21032014
AltpapierVereinssammlung
25052013
03082013
19102013
11012014
29032014
Grünabfuhr
30042013
12112013
