Hausmüllabfuhr
Freitag
12042013
26042013
11052013
25052013
07062013
21062013
05072013
19072013
02082013
16082013
30082013
13092013
27092013
11102013
25102013
08112013
22112013
06122013
20122013
07012014
18012014
31012014
14022014
28022014
14032014
28032014
GelberSack
Donnerstag
25042013
24052013
20062013
18072013
15082013
12092013
10102013
07112013
05122013
04012014
30012014
27022014
27032014
Bioabfall
Mittwoch
04042013
02052013
23052013
27122013
03012014
10012014
16012014
AltpapierBlaueTonne
Dienstag
16042013
14052013
11062013
09072013
06082013
03092013
01102013
29102013
26112013
24122013
21012014
18022014
18032014
AltpapierVereinssammlung
27042013
20072013
09112013
08022014
Grünabfuhr
11042013
23102013
