Hausmüllabfuhr
Mittwoch
10042013
24042013
08052013
23052013
05062013
19062013
03072013
17072013
31072013
14082013
28082013
11092013
25092013
09102013
23102013
06112013
20112013
04122013
18122013
03012014
16012014
29012014
12022014
26022014
12032014
26032014
GelberSack
Dienstag
09042013
07052013
04062013
02072013
30072013
27082013
24092013
22102013
19112013
17122013
15012014
11022014
11032014
Bioabfall
Mittwoch
04042013
02052013
23052013
27122013
03012014
10012014
16012014
AltpapierBlaueTonne
Freitag
06042013
04052013
01062013
28062013
26072013
23082013
20092013
18102013
15112013
13122013
13012014
07022014
07032014
AltpapierVereinssammlung
04052013
06072013
24082013
12102013
14122013
18012014
15032014
Grünabfuhr
26042013
08112013
