Hausmüllabfuhr
Dienstag
03042013
16042013
30042013
14052013
28052013
11062013
25062013
09072013
23072013
06082013
20082013
03092013
17092013
01102013
15102013
29102013
12112013
26112013
10122013
24122013
09012014
21012014
04022014
18022014
04032014
18032014
GelberSack
Dienstag
09042013
07052013
04062013
02072013
30072013
27082013
24092013
22102013
19112013
17122013
15012014
11022014
11032014
Bioabfall
Montag
02042013
21052013
31122013
08012014
14012014
AltpapierBlaueTonne
Montag
08042013
06052013
03062013
01072013
29072013
26082013
23092013
21102013
18112013
16122013
14012014
10022014
10032014
AltpapierVereinssammlung
13042013
24082013
16112013
25012014
Grünabfuhr
18042013
30102013
