Hausmüllabfuhr
Donnerstag
11042013
25042013
10052013
24052013
06062013
20062013
04072013
18072013
01082013
15082013
29082013
12092013
26092013
10102013
24102013
07112013
21112013
05122013
19122013
04012014
17012014
30012014
13022014
27022014
13032014
27032014
GelberSack
Mittwoch
10042013
08052013
05062013
03072013
31072013
28082013
25092013
23102013
20112013
18122013
16012014
12022014
12032014
Bioabfall
Mittwoch
04042013
02052013
23052013
27122013
03012014
10012014
16012014
AltpapierBlaueTonne
Donnerstag
11042013
10052013
06062013
04072013
01082013
29082013
26092013
24102013
21112013
19122013
17012014
13022014
13032014
AltpapierVereinssammlung
07092013
23112013
15022014
Grünabfuhr
15042013
25102013
