Hausmüllabfuhr
Montag
02042013
15042013
29042013
13052013
27052013
10062013
24062013
08072013
22072013
05082013
19082013
02092013
16092013
30092013
14102013
28102013
11112013
25112013
09122013
23122013
08012014
20012014
03022014
17022014
03032014
1703201431032014
GelberSack
Montag
08042013
06052013
03062013
01072013
29072013
26082013
23092013
21102013
18112013
16122013
14012014
10022014
10032014
Bioabfall
Freitag
06042013
04052013
11052013
25052013
01062013
05102013
02112013
30122013
07012014
13012014
18012014
AltpapierBlaueTonne
Montag
08042013
06052013
03062013
01072013
29072013
26082013
23092013
21102013
18112013
16122013
14012014
10022014
10032014
AltpapierVereinssammlung
22062013
14092013
08032014
Grünabfuhr
17042013
29102013
