Hausmüllabfuhr
Montag
08042013
22042013
06052013
21052013
03062013
17062013
01072013
15072013
29072013
12082013
26082013
09092013
23092013
07102013
21102013
04112013
18112013
02122013
16122013
31122013
14012014
27012014
10022014
24022014
10032014
24032014
GelberSack
Freitag
26042013
25052013
21062013
19072013
16082013
13092013
11102013
08112013
06122013
07012014
31012014
28022014
28032014
Bioabfall
Montag
02042013
21052013
31122013
08012014
14012014
AltpapierBlaueTonne
Mittwoch
10042013
08052013
05062013
03072013
31072013
28082013
25092013
23102013
20112013
18122013
16012014
12022014
12032014
Grünabfuhr
25042013
07112013
