Hausmüllabfuhr
Montag
08042013
22042013
06052013
21052013
03062013
17062013
01072013
15072013
29072013
12082013
26082013
09092013
23092013
07102013
21102013
04112013
18112013
02122013
16122013
31122013
14012014
27012014
10022014
24022014
10032014
24032014
GelberSack
Freitag
06042013
04052013
01062013
28062013
26072013
23082013
20092013
18102013
15112013
13122013
13012014
07022014
07032014
Bioabfall
Montag
02042013
21052013
31122013
08012014
14012014
AltpapierBlaueTonne
Freitag
19042013
17052013
14062013
12072013
09082013
06092013
05102013
02112013
29112013
30122013
24012014
21022014
21032014
Grünabfuhr
02042013
14102013
