Hausmüllabfuhr
Dienstag
09042013
23042013
07052013
22052013
04062013
18062013
02072013
16072013
30072013
13082013
27082013
10092013
24092013
08102013
22102013
05112013
19112013
03122013
17122013
02012014
15012014
28012014
11022014
25022014
11032014
25032014
GelberSack
Montag
15042013
13052013
10062013
08072013
05082013
02092013
30092013
28102013
25112013
23122013
20012014
17022014
17032014
Bioabfall
Montag
02042013
21052013
31122013
08012014
14012014
AltpapierBlaueTonne
Donnerstag
18042013
16052013
13062013
11072013
08082013
05092013
04102013
31102013
28112013
28122013
23012014
20022014
20032014
AltpapierVereinssammlung
28092013
23112013
25012014
Grünabfuhr
18042013
30102013
