Hausmüllabfuhr
Dienstag
09042013
23042013
07052013
22052013
04062013
18062013
02072013
16072013
30072013
13082013
27082013
10092013
24092013
08102013
22102013
05112013
19112013
03122013
17122013
02012014
15012014
28012014
11022014
25022014
11032014
25032014
GelberSack
Freitag
12042013
11052013
07062013
05072013
02082013
30082013
27092013
25102013
22112013
20122013
18012014
14022014
14032014
Bioabfall
Dienstag
03042013
22052013
02012014
09012014
15012014
AltpapierBlaueTonne
Dienstag
23042013
22052013
18062013
16072013
13082013
10092013
08102013
05112013
03122013
02012014
28012014
25022014
25032014
AltpapierVereinssammlung
04052013S
20072013S
13092013F
21032014F
DieVereinesammelnamFreitagoderamSamstagBitteKennzeichnungbeachtenF=FreitagS=Samstag
Grünabfuhr
16042013
28102013
