Hausmüllabfuhr
Donnerstag
05042013
18042013
03052013
16052013
31052013
13062013
27062013
11072013
25072013
08082013
22082013
05092013
19092013
04102013
17102013
31102013
14112013
28112013
12122013
28122013
11012014
23012014
06022014
20022014
06032014
20032014
GelberSack
Montag
08042013
06052013
03062013
01072013
29072013
26082013
23092013
21102013
18112013
16122013
14012014
10022014
10032014
Bioabfall
Mittwoch
04042013
02052013
23052013
27122013
03012014
10012014
16012014
AltpapierBlaueTonne
Freitag
26042013
25052013
21062013
19072013
16082013
13092013
11102013
08112013
06122013
07012014
31012014
28022014
28032014
AltpapierVereinssammlung
27042013
29062013
21092013
30112013
08022014
Grünabfuhr
09042013
21102013
