Hausmüllabfuhr
Dienstag
03042013
16042013
30042013
14052013
28052013
11062013
25062013
09072013
23072013
06082013
20082013
03092013
17092013
01102013
15102013
29102013
12112013
26112013
10122013
24122013
09012014
21012014
04022014
18022014
04032014
18032014
GelberSack
Montag
15042013
13052013
10062013
08072013
05082013
02092013
30092013
28102013
25112013
23122013
20012014
17022014
17032014
Bioabfall
Montag
02042013
21052013
31122013
08012014
14012014
AltpapierBlaueTonne
Freitag
06042013
04052013
01062013
28062013
26072013
23082013
20092013
18102013
15112013
13122013
13012014
07022014
07032014
AltpapierVereinssammlung
27042013
29062013
28092013
09112013
25012014
22032014
Grünabfuhr
26042013
08112013
