Hausmüllabfuhr
Mittwoch
10042013
24042013
08052013
23052013
05062013
19062013
03072013
17072013
31072013
14082013
28082013
11092013
25092013
09102013
23102013
06112013
20112013
04122013
18122013
03012014
16012014
29012014
12022014
26022014
12032014
26032014
GelberSack
Montag
22042013
21052013
17062013
15072013
12082013
09092013
07102013
04112013
02122013
31122013
27012014
24022014
24032014
Bioabfall
Dienstag
03042013
22052013
02012014
09012014
15012014
AltpapierBlaueTonne
Dienstag
09042013
07052013
04062013
02072013
30072013
27082013
24092013
22102013
19112013
17122013
15012014
11022014
11032014
AltpapierVereinssammlung
03052013F
19072013F
14092013S
08112013F
18012014S
21032014F
DieVereinesammelnamFreitagoderamSamstagBitteKennzeichnungbeachtenF=FreitagS=Samstag
Grünabfuhr
03042013
15102013
