Hausmüllabfuhr
Donnerstag
05042013
18042013
03052013
16052013
31052013
13062013
27062013
11072013
25072013
08082013
22082013
05092013
19092013
04102013
17102013
31102013
14112013
28112013
12122013
28122013
11012014
23012014
06022014
20022014
06032014
20032014
GelberSack
Dienstag
03042013
30042013
28052013
25062013
23072013
20082013
17092013
15102013
12112013
10122013
09012014
04022014
04032014
Bioabfall
Mittwoch
04042013
02052013
23052013
27122013
03012014
10012014
16012014
AltpapierBlaueTonne
Mittwoch
10042013
08052013
05062013
03072013
31072013
28082013
25092013
23102013
20112013
18122013
16012014
12022014
12032014
AltpapierVereinssammlung
27042013
13072013
28092013
14122013
01022014
Grünabfuhr
11042013
23102013
