Hausmüllabfuhr
Montag
08042013
22042013
06052013
21052013
03062013
17062013
01072013
15072013
29072013
12082013
26082013
09092013
23092013
07102013
21102013
04112013
18112013
02122013
16122013
31122013
14012014
27012014
10022014
24022014
10032014
24032014
GelberSack
Mittwoch
24042013
23052013
19062013
17072013
14082013
11092013
09102013
06112013
04122013
03012014
29012014
26022014
26032014
Bioabfall
Freitag
06042013
04052013
11052013
25052013
01062013
05102013
02112013
30122013
07012014
13012014
18012014
AltpapierBlaueTonne
Mittwoch
04042013
02052013
29052013
26062013
24072013
21082013
18092013
16102013
13112013
11122013
10012014
05022014
05032014
AltpapierVereinssammlung
14062013F
13092013F
29112013F
07032014F
AlleSammlungenfindenfreitagsstatt!F=Freitag
Grünabfuhr
17042013
29102013
