Hausmüllabfuhr
Dienstag
09042013
23042013
07052013
22052013
04062013
18062013
02072013
16072013
30072013
13082013
27082013
10092013
24092013
08102013
22102013
05112013
19112013
03122013
17122013
02012014
15012014
28012014
11022014
25022014
11032014
25032014
GelberSack
Donnerstag
18042013
16052013
13062013
11072013
08082013
05092013
04102013
31102013
28112013
28122013
23012014
20022014
20032014
Bioabfall
Dienstag
03042013
22052013
02012014
09012014
15012014
AltpapierBlaueTonne
Dienstag
03042013
30042013
28052013
25062013
23072013
20082013
17092013
15102013
12112013
10122013
09012014
04022014
04032014
AltpapierVereinssammlung
03052013F
19072013F
14092013S
08112013F
18012014S
21032014F
DieVereinesammelnamFreitagoderamSamstagBitteKennzeichnungbeachtenF=FreitagS=Samstag
Grünabfuhr
16042013
28102013
