Hausmüllabfuhr
Dienstag
03042013
16042013
30042013
14052013
28052013
11062013
25062013
09072013
23072013
06082013
20082013
03092013
17092013
01102013
15102013
29102013
12112013
26112013
10122013
24122013
09012014
21012014
04022014
18022014
04032014
18032014
GelberSack
Montag
08042013
06052013
03062013
01072013
29072013
26082013
23092013
21102013
18112013
16122013
14012014
10022014
10032014
Bioabfall
Freitag
06042013
04052013
11052013
25052013
01062013
05102013
02112013
30122013
07012014
13012014
18012014
AltpapierBlaueTonne
Freitag
12042013
11052013
07062013
05072013
02082013
30082013
27092013
25102013
22112013
20122013
18012014
14022014
14032014
AltpapierVereinssammlung
04052013
03082013
26102013
25012014
Grünabfuhr
23042013
05112013
