Hausmüllabfuhr
Montag
08042013
22042013
06052013
21052013
03062013
17062013
01072013
15072013
29072013
12082013
26082013
09092013
23092013
07102013
21102013
04112013
18112013
02122013
16122013
31122013
14012014
27012014
10022014
24022014
10032014
24032014
GelberSack
Montag
08042013
06052013
03062013
01072013
29072013
26082013
23092013
21102013
18112013
16122013
14012014
10022014
10032014
Bioabfall
Freitag
06042013
04052013
11052013
25052013
01062013
05102013
02112013
30122013
07012014
13012014
18012014
AltpapierBlaueTonne
Freitag
12042013
11052013
07062013
05072013
02082013
30082013
27092013
25102013
22112013
20122013
18012014
14022014
14032014
AltpapierVereinssammlung
29062013
12102013
15032014
Grünabfuhr
17042013
29102013
