Hausmüllabfuhr
Mittwoch
10042013
24042013
08052013
23052013
05062013
19062013
03072013
17072013
31072013
14082013
28082013
11092013
25092013
09102013
23102013
06112013
20112013
04122013
18122013
03012014
16012014
29012014
12022014
26022014
12032014
26032014
GelberSack
Dienstag
03042013
30042013
28052013
25062013
23072013
20082013
17092013
15102013
12112013
10122013
09012014
04022014
04032014
Bioabfall
Dienstag
03042013
22052013
02012014
09012014
15012014
AltpapierBlaueTonne
Mittwoch
04042013
02052013
29052013
26062013
24072013
21082013
18092013
16102013
13112013
11122013
10012014
05022014
05032014
Grünabfuhr
30042013
12112013
