Hausmüllabfuhr
Mittwoch
10042013
24042013
08052013
23052013
05062013
19062013
03072013
17072013
31072013
14082013
28082013
11092013
25092013
09102013
23102013
06112013
20112013
04122013
18122013
03012014
16012014
29012014
12022014
26022014
12032014
26032014
GelberSack
Dienstag
03042013
30042013
28052013
25062013
23072013
20082013
17092013
15102013
12112013
10122013
09012014
04022014
04032014
Bioabfall
Dienstag
03042013
22052013
02012014
09012014
15012014
AltpapierBlaueTonne
Dienstag
23042013
22052013
18062013
16072013
13082013
10092013
08102013
05112013
03122013
02012014
28012014
25022014
25032014
AltpapierVereinssammlung
04052013S
20072013S
13092013F
21032014F
DieVereinesammelnamFreitagoderamSamstagBitteKennzeichnungbeachtenF=FreitagS=Samstag
Grünabfuhr
19042013
31102013
