Hausmüllabfuhr
Freitag
06042013
19042013
04052013
17052013
01062013
14062013
28062013
12072013
26072013
09082013
23082013
06092013
20092013
05102013
18102013
02112013
15112013
29112013
13122013
30122013
13012014
24012014
07022014
21022014
07032014
21032014
GelberSack
Donnerstag
25042013
24052013
20062013
18072013
15082013
12092013
10102013
07112013
05122013
04012014
30012014
27022014
27032014
Bioabfall
Montag
02042013
21052013
31122013
08012014
14012014
AltpapierBlaueTonne
Dienstag
23042013
22052013
18062013
16072013
13082013
10092013
08102013
05112013
03122013
02012014
28012014
25022014
25032014
Grünabfuhr
05042013
17102013
