Hausmüllabfuhr
Mittwoch
04042013
17042013
02052013
15052013
29052013
12062013
26062013
10072013
24072013
07082013
21082013
04092013
18092013
02102013
16102013
30102013
13112013
27112013
11122013
27122013
10012014
22012014
05022014
19022014
05032014
19032014
GelberSack
Donnerstag
25042013
24052013
20062013
18072013
15082013
12092013
10102013
07112013
05122013
04012014
30012014
27022014
27032014
Bioabfall
Montag
02042013
21052013
31122013
08012014
14012014
AltpapierBlaueTonne
Dienstag
23042013
22052013
18062013
16072013
13082013
10092013
08102013
05112013
03122013
02012014
28012014
25022014
25032014
AltpapierVereinssammlung
27042013
10082013
26102013
01022014
Grünabfuhr
02042013
14102013
