Hausmüllabfuhr
Mittwoch
04042013
17042013
02052013
15052013
29052013
12062013
26062013
10072013
24072013
07082013
21082013
04092013
18092013
02102013
16102013
30102013
13112013
27112013
11122013
27122013
10012014
22012014
05022014
19022014
05032014
19032014
GelberSack
Donnerstag
25042013
24052013
20062013
18072013
15082013
12092013
10102013
07112013
05122013
04012014
30012014
27022014
27032014
Bioabfall
Montag
02042013
21052013
31122013
08012014
14012014
AltpapierBlaueTonne
Montag
08042013
06052013
03062013
01072013
29072013
26082013
23092013
21102013
18112013
16122013
14012014
10022014
10032014
AltpapierVereinssammlung
13042013
24082013
16112013
25012014
Grünabfuhr
18042013
30102013
