Hausmüllabfuhr
Donnerstag
05042013
18042013
03052013
16052013
31052013
13062013
27062013
11072013
25072013
08082013
22082013
05092013
19092013
04102013
17102013
31102013
14112013
28112013
12122013
28122013
11012014
23012014
06022014
20022014
06032014
20032014
GelberSack
Donnerstag
11042013
10052013
06062013
04072013
01082013
29082013
26092013
24102013
21112013
19122013
17012014
13022014
13032014
Bioabfall
Mittwoch
04042013
02052013
23052013
27122013
03012014
10012014
16012014
AltpapierBlaueTonne
Mittwoch
10042013
08052013
05062013
03072013
31072013
28082013
25092013
23102013
20112013
18122013
16012014
12022014
12032014
AltpapierVereinssammlung
13042013
25052013
13072013
31082013
12102013
30112013
18012014
08032014
Grünabfuhr
09042013
21102013
