Hausmüllabfuhr
Freitag
12042013
26042013
11052013
25052013
07062013
21062013
05072013
19072013
02082013
16082013
30082013
13092013
27092013
11102013
25102013
08112013
22112013
06122013
20122013
07012014
18012014
31012014
14022014
28022014
14032014
28032014
GelberSack
Mittwoch
17042013
15052013
12062013
10072013
07082013
04092013
02102013
30102013
27112013
27122013
22012014
19022014
19032014
Bioabfall
Freitag
06042013
04052013
11052013
25052013
01062013
05102013
02112013
30122013
07012014
13012014
18012014
AltpapierBlaueTonne
Freitag
12042013
11052013
07062013
05072013
02082013
30082013
27092013
25102013
22112013
20122013
18012014
14022014
14032014
AltpapierVereinssammlung
21092013
15032014
Grünabfuhr
23042013
05112013
